Opening port
Port open
Initiliazing...Done
MemSet: 0000: 9380
MemSet: 0001: 9205
MemSet: 0002: 9900
MemSet: 0003: 00A0
MemSet: 0004: 9001
MemSet: 0005: A103
MemSet: 0006: 4200
MemSet: 0007: 3B00
MemSet: 0008: 8A00
MemSet: 0009: 1800
MemSet: 000A: 0005
PC Set: 0
MemGet: 0000: 9380
MemGet: 0001: 9205
MemGet: 0002: 9900
MemGet: 0003: 00A0
MemGet: 0004: 9001

Register Dump:
  R0: 0001  R1: 00A0  R2: 0005  R3: 0080
  R4: 0000  R5: 0000  R6: 0000  R7: 0000
  PC: 0005  SP: 000F
               ONZ
  Status: 00000000

Memory Dump:
       0000 0001 0002 0003 0004 0005 0006 0007 0008 0009 000A 000B 000C 000D 000E 000F        --------------------------------------------------------------------------------
 0000| 9380 9205 9900 00A0 9001 A103 4200 3B00 8A00 1800 0005 0000 0000 0000 0000 0000 
 0010| 0000 0000 0000 0000 0000 0000 0000 0000 0000 0000 0000 0000 0000 0000 0000 0000 
 0020| 0000 0000 0000 0000 0000 0000 0000 0000 0000 0000 0000 0000 0000 0000 0000 0000 
 0030| 0000 0000 0000 0000 0000 0000 0000 0000 0000 0000 0000 0000 0000 0000 0000 0000 
 0040| 0000 0000 0000 0000 0000 0000 0000 0000 0000 0000 0000 0000 0000 0000 0000 0000 
 0050| 0000 0000 0000 0000 0000 0000 0000 0000 0000 0000 0000 0000 0000 0000 0000 0000 
 0060| 0000 0000 0000 0000 0000 0000 0000 0000 0000 0000 0000 0000 0000 0000 0000 0000 
 0070| 0000 0000 0000 0000 0000 0000 0000 0000 0000 0000 0000 0000 0000 0000 0000 0000 
 0080| 0000 0000 0000 0000 0000 0000 0000 0000 0000 0000 0000 0000 0000 0000 0000 0000 
 0090| 0000 0000 0000 0000 0000 0000 0000 0000 0000 0000 0000 0000 0000 0000 0000 0000 
 00A0| 0000 0000 0000 0000 0000 0000 0000 0000 0000 0000 0000 0000 0000 0000 0000 0000 
 00B0| 0000 0000 0000 0000 0000 0000 0000 0000 0000 0000 0000 0000 0000 0000 0000 0000 
 00C0| 0000 0000 0000 0000 0000 0000 0000 0000 0000 0000 0000 0000 0000 0000 0000 0000 
 00D0| 0000 0000 0000 0000 0000 0000 0000 0000 0000 0000 0000 0000 0000 0000 0000 0000 
 00E0| 0000 0000 0000 0000 0000 0000 0000 0000 0000 0000 0000 0000 0000 0000 0000 0000 
 00F0| 0000 0000 0000 0000 0000 0000 0000 0000 0000 0000 0000 0000 0000 0000 0000 0000 
MemGet: 0005: A103
MemSet: 0080: 00A0

Register Dump:
  R0: 0001  R1: 00A0  R2: 0005  R3: 0080
  R4: 0000  R5: 0000  R6: 0000  R7: 0000
  PC: 0006  SP: 000F
               ONZ
  Status: 00000000

Memory Dump:
       0000 0001 0002 0003 0004 0005 0006 0007 0008 0009 000A 000B 000C 000D 000E 000F        --------------------------------------------------------------------------------
 0000| 9380 9205 9900 00A0 9001 A103 4200 3B00 8A00 1800 0005 0000 0000 0000 0000 0000 
 0010| 0000 0000 0000 0000 0000 0000 0000 0000 0000 0000 0000 0000 0000 0000 0000 0000 
 0020| 0000 0000 0000 0000 0000 0000 0000 0000 0000 0000 0000 0000 0000 0000 0000 0000 
 0030| 0000 0000 0000 0000 0000 0000 0000 0000 0000 0000 0000 0000 0000 0000 0000 0000 
 0040| 0000 0000 0000 0000 0000 0000 0000 0000 0000 0000 0000 0000 0000 0000 0000 0000 
 0050| 0000 0000 0000 0000 0000 0000 0000 0000 0000 0000 0000 0000 0000 0000 0000 0000 
 0060| 0000 0000 0000 0000 0000 0000 0000 0000 0000 0000 0000 0000 0000 0000 0000 0000 
 0070| 0000 0000 0000 0000 0000 0000 0000 0000 0000 0000 0000 0000 0000 0000 0000 0000 
 0080| 00A0 0000 0000 0000 0000 0000 0000 0000 0000 0000 0000 0000 0000 0000 0000 0000 
 0090| 0000 0000 0000 0000 0000 0000 0000 0000 0000 0000 0000 0000 0000 0000 0000 0000 
 00A0| 0000 0000 0000 0000 0000 0000 0000 0000 0000 0000 0000 0000 0000 0000 0000 0000 
 00B0| 0000 0000 0000 0000 0000 0000 0000 0000 0000 0000 0000 0000 0000 0000 0000 0000 
 00C0| 0000 0000 0000 0000 0000 0000 0000 0000 0000 0000 0000 0000 0000 0000 0000 0000 
 00D0| 0000 0000 0000 0000 0000 0000 0000 0000 0000 0000 0000 0000 0000 0000 0000 0000 
 00E0| 0000 0000 0000 0000 0000 0000 0000 0000 0000 0000 0000 0000 0000 0000 0000 0000 
 00F0| 0000 0000 0000 0000 0000 0000 0000 0000 0000 0000 0000 0000 0000 0000 0000 0000 
MemGet: 0006: 4200

Register Dump:
  R0: 0001  R1: 00A0  R2: 0004  R3: 0080
  R4: 0000  R5: 0000  R6: 0000  R7: 0000
  PC: 0007  SP: 000F
               ONZ
  Status: 00000000

Memory Dump:
       0000 0001 0002 0003 0004 0005 0006 0007 0008 0009 000A 000B 000C 000D 000E 000F        --------------------------------------------------------------------------------
 0000| 9380 9205 9900 00A0 9001 A103 4200 3B00 8A00 1800 0005 0000 0000 0000 0000 0000 
 0010| 0000 0000 0000 0000 0000 0000 0000 0000 0000 0000 0000 0000 0000 0000 0000 0000 
 0020| 0000 0000 0000 0000 0000 0000 0000 0000 0000 0000 0000 0000 0000 0000 0000 0000 
 0030| 0000 0000 0000 0000 0000 0000 0000 0000 0000 0000 0000 0000 0000 0000 0000 0000 
 0040| 0000 0000 0000 0000 0000 0000 0000 0000 0000 0000 0000 0000 0000 0000 0000 0000 
 0050| 0000 0000 0000 0000 0000 0000 0000 0000 0000 0000 0000 0000 0000 0000 0000 0000 
 0060| 0000 0000 0000 0000 0000 0000 0000 0000 0000 0000 0000 0000 0000 0000 0000 0000 
 0070| 0000 0000 0000 0000 0000 0000 0000 0000 0000 0000 0000 0000 0000 0000 0000 0000 
 0080| 00A0 0000 0000 0000 0000 0000 0000 0000 0000 0000 0000 0000 0000 0000 0000 0000 
 0090| 0000 0000 0000 0000 0000 0000 0000 0000 0000 0000 0000 0000 0000 0000 0000 0000 
 00A0| 0000 0000 0000 0000 0000 0000 0000 0000 0000 0000 0000 0000 0000 0000 0000 0000 
 00B0| 0000 0000 0000 0000 0000 0000 0000 0000 0000 0000 0000 0000 0000 0000 0000 0000 
 00C0| 0000 0000 0000 0000 0000 0000 0000 0000 0000 0000 0000 0000 0000 0000 0000 0000 
 00D0| 0000 0000 0000 0000 0000 0000 0000 0000 0000 0000 0000 0000 0000 0000 0000 0000 
 00E0| 0000 0000 0000 0000 0000 0000 0000 0000 0000 0000 0000 0000 0000 0000 0000 0000 
 00F0| 0000 0000 0000 0000 0000 0000 0000 0000 0000 0000 0000 0000 0000 0000 0000 0000 
MemGet: 0007: 3B00

Register Dump:
  R0: 0001  R1: 00A0  R2: 0004  R3: 0081
  R4: 0000  R5: 0000  R6: 0000  R7: 0000
  PC: 0008  SP: 000F
               ONZ
  Status: 00000000

Memory Dump:
       0000 0001 0002 0003 0004 0005 0006 0007 0008 0009 000A 000B 000C 000D 000E 000F        --------------------------------------------------------------------------------
 0000| 9380 9205 9900 00A0 9001 A103 4200 3B00 8A00 1800 0005 0000 0000 0000 0000 0000 
 0010| 0000 0000 0000 0000 0000 0000 0000 0000 0000 0000 0000 0000 0000 0000 0000 0000 
 0020| 0000 0000 0000 0000 0000 0000 0000 0000 0000 0000 0000 0000 0000 0000 0000 0000 
 0030| 0000 0000 0000 0000 0000 0000 0000 0000 0000 0000 0000 0000 0000 0000 0000 0000 
 0040| 0000 0000 0000 0000 0000 0000 0000 0000 0000 0000 0000 0000 0000 0000 0000 0000 
 0050| 0000 0000 0000 0000 0000 0000 0000 0000 0000 0000 0000 0000 0000 0000 0000 0000 
 0060| 0000 0000 0000 0000 0000 0000 0000 0000 0000 0000 0000 0000 0000 0000 0000 0000 
 0070| 0000 0000 0000 0000 0000 0000 0000 0000 0000 0000 0000 0000 0000 0000 0000 0000 
 0080| 00A0 0000 0000 0000 0000 0000 0000 0000 0000 0000 0000 0000 0000 0000 0000 0000 
 0090| 0000 0000 0000 0000 0000 0000 0000 0000 0000 0000 0000 0000 0000 0000 0000 0000 
 00A0| 0000 0000 0000 0000 0000 0000 0000 0000 0000 0000 0000 0000 0000 0000 0000 0000 
 00B0| 0000 0000 0000 0000 0000 0000 0000 0000 0000 0000 0000 0000 0000 0000 0000 0000 
 00C0| 0000 0000 0000 0000 0000 0000 0000 0000 0000 0000 0000 0000 0000 0000 0000 0000 
 00D0| 0000 0000 0000 0000 0000 0000 0000 0000 0000 0000 0000 0000 0000 0000 0000 0000 
 00E0| 0000 0000 0000 0000 0000 0000 0000 0000 0000 0000 0000 0000 0000 0000 0000 0000 
 00F0| 0000 0000 0000 0000 0000 0000 0000 0000 0000 0000 0000 0000 0000 0000 0000 0000 
MemGet: 0008: 8A00

Register Dump:
  R0: 0001  R1: 00A0  R2: 0004  R3: 0081
  R4: 0000  R5: 0000  R6: 0000  R7: 0000
  PC: 0009  SP: 000F
               ONZ
  Status: 00000000

Memory Dump:
       0000 0001 0002 0003 0004 0005 0006 0007 0008 0009 000A 000B 000C 000D 000E 000F        --------------------------------------------------------------------------------
 0000| 9380 9205 9900 00A0 9001 A103 4200 3B00 8A00 1800 0005 0000 0000 0000 0000 0000 
 0010| 0000 0000 0000 0000 0000 0000 0000 0000 0000 0000 0000 0000 0000 0000 0000 0000 
 0020| 0000 0000 0000 0000 0000 0000 0000 0000 0000 0000 0000 0000 0000 0000 0000 0000 
 0030| 0000 0000 0000 0000 0000 0000 0000 0000 0000 0000 0000 0000 0000 0000 0000 0000 
 0040| 0000 0000 0000 0000 0000 0000 0000 0000 0000 0000 0000 0000 0000 0000 0000 0000 
 0050| 0000 0000 0000 0000 0000 0000 0000 0000 0000 0000 0000 0000 0000 0000 0000 0000 
 0060| 0000 0000 0000 0000 0000 0000 0000 0000 0000 0000 0000 0000 0000 0000 0000 0000 
 0070| 0000 0000 0000 0000 0000 0000 0000 0000 0000 0000 0000 0000 0000 0000 0000 0000 
 0080| 00A0 0000 0000 0000 0000 0000 0000 0000 0000 0000 0000 0000 0000 0000 0000 0000 
 0090| 0000 0000 0000 0000 0000 0000 0000 0000 0000 0000 0000 0000 0000 0000 0000 0000 
 00A0| 0000 0000 0000 0000 0000 0000 0000 0000 0000 0000 0000 0000 0000 0000 0000 0000 
 00B0| 0000 0000 0000 0000 0000 0000 0000 0000 0000 0000 0000 0000 0000 0000 0000 0000 
 00C0| 0000 0000 0000 0000 0000 0000 0000 0000 0000 0000 0000 0000 0000 0000 0000 0000 
 00D0| 0000 0000 0000 0000 0000 0000 0000 0000 0000 0000 0000 0000 0000 0000 0000 0000 
 00E0| 0000 0000 0000 0000 0000 0000 0000 0000 0000 0000 0000 0000 0000 0000 0000 0000 
 00F0| 0000 0000 0000 0000 0000 0000 0000 0000 0000 0000 0000 0000 0000 0000 0000 0000 
MemGet: 0009: 1800
MemGet: 000A: 0005
MemGet: 0005: A103
MemSet: 0081: 00A0
MemGet: 0006: 4200
MemGet: 0007: 3B00
MemGet: 0008: 8A00
MemGet: 0009: 1800
MemGet: 000A: 0005
MemGet: 0005: A103
MemSet: 0082: 00A0
MemGet: 0006: 4200
MemGet: 0007: 3B00
MemGet: 0008: 8A00
MemGet: 0009: 1800
MemGet: 000A: 0005
MemGet: 0005: A103
MemSet: 0083: 00A0

Register Dump:
  R0: 0001  R1: 00A0  R2: 0002  R3: 0083
  R4: 0000  R5: 0000  R6: 0000  R7: 0000
  PC: 0006  SP: 000F
               ONZ
  Status: 00000000

Memory Dump:
       0000 0001 0002 0003 0004 0005 0006 0007 0008 0009 000A 000B 000C 000D 000E 000F        --------------------------------------------------------------------------------
 0000| 9380 9205 9900 00A0 9001 A103 4200 3B00 8A00 1800 0005 0000 0000 0000 0000 0000 
 0010| 0000 0000 0000 0000 0000 0000 0000 0000 0000 0000 0000 0000 0000 0000 0000 0000 
 0020| 0000 0000 0000 0000 0000 0000 0000 0000 0000 0000 0000 0000 0000 0000 0000 0000 
 0030| 0000 0000 0000 0000 0000 0000 0000 0000 0000 0000 0000 0000 0000 0000 0000 0000 
 0040| 0000 0000 0000 0000 0000 0000 0000 0000 0000 0000 0000 0000 0000 0000 0000 0000 
 0050| 0000 0000 0000 0000 0000 0000 0000 0000 0000 0000 0000 0000 0000 0000 0000 0000 
 0060| 0000 0000 0000 0000 0000 0000 0000 0000 0000 0000 0000 0000 0000 0000 0000 0000 
 0070| 0000 0000 0000 0000 0000 0000 0000 0000 0000 0000 0000 0000 0000 0000 0000 0000 
 0080| 00A0 00A0 00A0 00A0 0000 0000 0000 0000 0000 0000 0000 0000 0000 0000 0000 0000 
 0090| 0000 0000 0000 0000 0000 0000 0000 0000 0000 0000 0000 0000 0000 0000 0000 0000 
 00A0| 0000 0000 0000 0000 0000 0000 0000 0000 0000 0000 0000 0000 0000 0000 0000 0000 
 00B0| 0000 0000 0000 0000 0000 0000 0000 0000 0000 0000 0000 0000 0000 0000 0000 0000 
 00C0| 0000 0000 0000 0000 0000 0000 0000 0000 0000 0000 0000 0000 0000 0000 0000 0000 
 00D0| 0000 0000 0000 0000 0000 0000 0000 0000 0000 0000 0000 0000 0000 0000 0000 0000 
 00E0| 0000 0000 0000 0000 0000 0000 0000 0000 0000 0000 0000 0000 0000 0000 0000 0000 
 00F0| 0000 0000 0000 0000 0000 0000 0000 0000 0000 0000 0000 0000 0000 0000 0000 0000 
MemGet: 0006: 4200
MemGet: 0007: 3B00
MemGet: 0008: 8A00
MemGet: 0009: 1800
MemGet: 000A: 0005
MemGet: 000B: 0000
MemGet: 000C: 0000

Register Dump:
  R0: 0001  R1: 00A0  R2: 0001  R3: 0084
  R4: 0000  R5: 0000  R6: 0000  R7: 0000
  PC: 0000  SP: 000F
               ONZ
  Status: 00000001

Memory Dump:
       0000 0001 0002 0003 0004 0005 0006 0007 0008 0009 000A 000B 000C 000D 000E 000F        --------------------------------------------------------------------------------
 0000| 9380 9205 9900 00A0 9001 A103 4200 3B00 8A00 1800 0005 0000 0000 0000 0000 0000 
 0010| 0000 0000 0000 0000 0000 0000 0000 0000 0000 0000 0000 0000 0000 0000 0000 0000 
 0020| 0000 0000 0000 0000 0000 0000 0000 0000 0000 0000 0000 0000 0000 0000 0000 0000 
 0030| 0000 0000 0000 0000 0000 0000 0000 0000 0000 0000 0000 0000 0000 0000 0000 0000 
 0040| 0000 0000 0000 0000 0000 0000 0000 0000 0000 0000 0000 0000 0000 0000 0000 0000 
 0050| 0000 0000 0000 0000 0000 0000 0000 0000 0000 0000 0000 0000 0000 0000 0000 0000 
 0060| 0000 0000 0000 0000 0000 0000 0000 0000 0000 0000 0000 0000 0000 0000 0000 0000 
 0070| 0000 0000 0000 0000 0000 0000 0000 0000 0000 0000 0000 0000 0000 0000 0000 0000 
 0080| 00A0 00A0 00A0 00A0 0000 0000 0000 0000 0000 0000 0000 0000 0000 0000 0000 0000 
 0090| 0000 0000 0000 0000 0000 0000 0000 0000 0000 0000 0000 0000 0000 0000 0000 0000 
 00A0| 0000 0000 0000 0000 0000 0000 0000 0000 0000 0000 0000 0000 0000 0000 0000 0000 
 00B0| 0000 0000 0000 0000 0000 0000 0000 0000 0000 0000 0000 0000 0000 0000 0000 0000 
 00C0| 0000 0000 0000 0000 0000 0000 0000 0000 0000 0000 0000 0000 0000 0000 0000 0000 
 00D0| 0000 0000 0000 0000 0000 0000 0000 0000 0000 0000 0000 0000 0000 0000 0000 0000 
 00E0| 0000 0000 0000 0000 0000 0000 0000 0000 0000 0000 0000 0000 0000 0000 0000 0000 
 00F0| 0000 0000 0000 0000 0000 0000 0000 0000 0000 0000 0000 0000 0000 0000 0000 0000 
